>GGGTTCGA	1-GGGTTCGA	7.119173	-44.029577	0	T:25.0(36.23%),B:1275.5(3.27%),P:1e-19	Tpos:98.1,Tstd:35.9,Bpos:100.6,Bstd:110.1,StrandBias:0.0,Multiplicity:1.00
0.204	0.185	0.610	0.001
0.059	0.041	0.877	0.023
0.063	0.024	0.891	0.022
0.001	0.029	0.037	0.933
0.001	0.001	0.001	0.997
0.025	0.927	0.001	0.047
0.014	0.001	0.984	0.001
0.997	0.001	0.001	0.001
>TTACTTTT	2-TTACTTTT	7.198963	-29.996426	0	T:47.0(68.12%),B:9842.0(25.26%),P:1e-13	Tpos:96.1,Tstd:60.7,Bpos:99.4,Bstd:94.3,StrandBias:-0.4,Multiplicity:1.42
0.001	0.060	0.207	0.732
0.014	0.001	0.001	0.984
0.825	0.001	0.001	0.173
0.085	0.641	0.001	0.273
0.096	0.019	0.001	0.884
0.001	0.001	0.001	0.997
0.001	0.001	0.001	0.997
0.001	0.001	0.061	0.937
>YTCCGCGC	3-YTCCGCGC	5.087778	-21.182546	0	T:38.0(55.07%),B:8201.9(21.05%),P:1e-9	Tpos:90.8,Tstd:51.5,Bpos:98.2,Bstd:143.9,StrandBias:-0.3,Multiplicity:1.41
0.118	0.336	0.152	0.395
0.001	0.113	0.112	0.774
0.117	0.535	0.246	0.102
0.001	0.958	0.006	0.035
0.004	0.254	0.719	0.023
0.115	0.513	0.267	0.105
0.116	0.046	0.833	0.005
0.005	0.652	0.298	0.045
>AGTGGTTA	4-AGTGGTTA	9.131348	-18.431431	0	T:11.0(15.94%),B:604.4(1.55%),P:1e-8	Tpos:109.5,Tstd:54.4,Bpos:95.9,Bstd:117.8,StrandBias:0.3,Multiplicity:1.00
0.997	0.001	0.001	0.001
0.001	0.001	0.997	0.001
0.001	0.001	0.001	0.997
0.001	0.001	0.997	0.001
0.001	0.072	0.926	0.001
0.001	0.071	0.001	0.927
0.187	0.001	0.001	0.811
0.889	0.001	0.001	0.109
>CGTGACCG	5-CGTGACCG	7.577227	-15.800573	0	T:10.0(14.49%),B:614.3(1.58%),P:1e-6	Tpos:110.5,Tstd:51.3,Bpos:97.1,Bstd:138.8,StrandBias:0.3,Multiplicity:1.10
0.001	0.997	0.001	0.001
0.001	0.001	0.997	0.001
0.001	0.125	0.001	0.873
0.001	0.001	0.997	0.001
0.997	0.001	0.001	0.001
0.001	0.608	0.001	0.390
0.377	0.565	0.001	0.057
0.001	0.001	0.997	0.001
>AACGGCGC	6-AACGGCGC	7.537651	-13.040579	0	T:12.0(17.39%),B:1266.8(3.25%),P:1e-5	Tpos:85.5,Tstd:44.6,Bpos:99.8,Bstd:123.2,StrandBias:0.5,Multiplicity:1.09
0.587	0.411	0.001	0.001
0.997	0.001	0.001	0.001
0.001	0.997	0.001	0.001
0.001	0.001	0.997	0.001
0.001	0.001	0.997	0.001
0.001	0.997	0.001	0.001
0.001	0.001	0.732	0.266
0.266	0.732	0.001	0.001
>TAGAAGTC	7-TAGAAGTC	8.636613	-12.510827	0	T:10.0(14.49%),B:886.4(2.27%),P:1e-5	Tpos:89.5,Tstd:44.9,Bpos:99.0,Bstd:83.9,StrandBias:0.0,Multiplicity:1.00
0.001	0.001	0.413	0.585
0.997	0.001	0.001	0.001
0.001	0.001	0.997	0.001
0.997	0.001	0.001	0.001
0.997	0.001	0.001	0.001
0.222	0.001	0.776	0.001
0.001	0.001	0.001	0.997
0.001	0.672	0.326	0.001
>CACACMCC	8-CACACMCC	6.199388	-4.297696	0	T:6.0(8.70%),B:1105.4(2.84%),P:1e-1	Tpos:86.8,Tstd:40.2,Bpos:86.0,Bstd:148.7,StrandBias:1.0,Multiplicity:5.17
0.123	0.715	0.090	0.072
0.601	0.229	0.153	0.017
0.154	0.754	0.042	0.050
0.517	0.333	0.077	0.073
0.202	0.697	0.039	0.062
0.351	0.457	0.157	0.035
0.215	0.646	0.076	0.063
0.218	0.617	0.143	0.022
