>GGGTTCGA	1-GGGTTCGA,BestGuess:OPI1/Literature(Harbison)/Yeast(0.939)	7.119173	-44.029577	0	T:25.0(36.23%),B:1275.5(3.27%),P:1e-19
0.204	0.185	0.610	0.001
0.059	0.041	0.877	0.023
0.063	0.024	0.891	0.022
0.001	0.029	0.037	0.933
0.001	0.001	0.001	0.997
0.025	0.927	0.001	0.047
0.014	0.001	0.984	0.001
0.997	0.001	0.001	0.001
>TTACTTTT	2-TTACTTTT,BestGuess:AZF1/MA0277.1/Jaspar(0.815)	7.198963	-29.996426	0	T:47.0(68.12%),B:9842.0(25.26%),P:1e-13
0.001	0.060	0.207	0.732
0.014	0.001	0.001	0.984
0.825	0.001	0.001	0.173
0.085	0.641	0.001	0.273
0.096	0.019	0.001	0.884
0.001	0.001	0.001	0.997
0.001	0.001	0.001	0.997
0.001	0.001	0.061	0.937
>YTCCGCGC	3-YTCCGCGC,BestGuess:RSC30/MA0375.2/Jaspar(0.804)	5.087778	-21.182546	0	T:38.0(55.07%),B:8201.9(21.05%),P:1e-9
0.118	0.336	0.152	0.395
0.001	0.113	0.112	0.774
0.117	0.535	0.246	0.102
0.001	0.958	0.006	0.035
0.004	0.254	0.719	0.023
0.115	0.513	0.267	0.105
0.116	0.046	0.833	0.005
0.005	0.652	0.298	0.045
>AGTGGTTA	4-AGTGGTTA,BestGuess:POL004.1_CCAAT-box/Jaspar(0.663)	9.131348	-18.431431	0	T:11.0(15.94%),B:604.4(1.55%),P:1e-8
0.997	0.001	0.001	0.001
0.001	0.001	0.997	0.001
0.001	0.001	0.001	0.997
0.001	0.001	0.997	0.001
0.001	0.072	0.926	0.001
0.001	0.071	0.001	0.927
0.187	0.001	0.001	0.811
0.889	0.001	0.001	0.109
>CGTGACCG	5-CGTGACCG,BestGuess:RTG3/Literature(Harbison)/Yeast(0.766)	7.577227	-15.800573	0	T:10.0(14.49%),B:614.3(1.58%),P:1e-6
0.001	0.997	0.001	0.001
0.001	0.001	0.997	0.001
0.001	0.125	0.001	0.873
0.001	0.001	0.997	0.001
0.997	0.001	0.001	0.001
0.001	0.608	0.001	0.390
0.377	0.565	0.001	0.057
0.001	0.001	0.997	0.001
>AACGGCGC	6-AACGGCGC,BestGuess:STP2/MA0395.2/Jaspar(0.802)	7.537651	-13.040579	0	T:12.0(17.39%),B:1266.8(3.25%),P:1e-5
0.587	0.411	0.001	0.001
0.997	0.001	0.001	0.001
0.001	0.997	0.001	0.001
0.001	0.001	0.997	0.001
0.001	0.001	0.997	0.001
0.001	0.997	0.001	0.001
0.001	0.001	0.732	0.266
0.266	0.732	0.001	0.001
>TAGAAGTC	7-TAGAAGTC,BestGuess:POL008.1_DCE_S_I/Jaspar(0.672)	8.636613	-12.510827	0	T:10.0(14.49%),B:886.4(2.27%),P:1e-5
0.001	0.001	0.413	0.585
0.997	0.001	0.001	0.001
0.001	0.001	0.997	0.001
0.997	0.001	0.001	0.001
0.997	0.001	0.001	0.001
0.222	0.001	0.776	0.001
0.001	0.001	0.001	0.997
0.001	0.672	0.326	0.001
>CACACMCC	8-CACACMCC,BestGuess:AFT2/MA0270.2/Jaspar(0.757)	6.199388	-4.297696	0	T:6.0(8.70%),B:1105.4(2.84%),P:1e-1
0.123	0.715	0.090	0.072
0.601	0.229	0.153	0.017
0.154	0.754	0.042	0.050
0.517	0.333	0.077	0.073
0.202	0.697	0.039	0.062
0.351	0.457	0.157	0.035
0.215	0.646	0.076	0.063
0.218	0.617	0.143	0.022
